-0.782797 -0.791661 -0.812714  0.539641   1.09594   1.46252   1.74693   1.96065   2.09804   2.15871   2.15468   2.11091   2.06059   2.03613   2.05642   2.11452   2.18029   2.21606    2.1895   2.07936    1.8719   1.53666  0.931198 -0.646097 -0.673712 -0.791661 -0.800526 -0.889394  0.435813  0.956504   1.29931   1.57761     1.807   1.98472   2.10949   2.18686   2.22917   2.25245    2.2711   2.29141   2.30642   2.29865   2.24854   2.14113   1.96849   1.72518   1.38555    0.8105  -0.70349 -0.660275 -0.812714 -0.889394  -1.13086  0.118663  0.571546  0.869807   1.13307   1.38149   1.61331   1.82182   1.99961   2.14008   2.23792   2.28921   2.29086   2.24031   2.13684   1.98327   1.78599   1.55294   1.28794  0.970934  0.471344 -0.895454 -0.709324  0.539641  0.435813  0.118663   1.17606   1.48173   1.64541   1.77947   1.90649   2.03015   2.14934   2.26081   2.35949   2.43871   2.49118   2.51057   2.49329   2.43963   2.35373   2.24204    2.1106   1.95984   1.76605   1.39513  0.121297  0.373053   1.09594  0.956504  0.571546   1.48173   1.73231   1.86823   1.98537   2.10293   2.22453   2.34947    2.4742   2.59174    2.6916   2.76129   2.78982   2.77162   2.70863   2.60927   2.48495   2.34598   2.19643   2.01872   1.69817  0.562617  0.918034   1.46252   1.29931  0.869807   1.64541   1.86823   2.00353   2.12928   2.26107   2.40242   2.55342   2.71075   2.86572   3.00271   3.10094   3.14104   3.11351   3.02313   2.88591   2.72165   2.54704   2.37059   2.18136   1.88833   0.91003    1.3659   1.74693   1.57761   1.13307   1.77947   1.98537   2.12928   2.27192   2.42582   2.59514   2.78193   2.98503    3.1954   3.39071   3.53554   3.59375   3.54793   3.40948   3.20989   2.98359   2.75594   2.53921   2.32723   2.05181   1.24291   1.77242   1.96065     1.807   1.38149   1.90649   2.10293   2.26107   2.42582    2.6073   2.81079    3.0419    3.3051   3.59566   3.88461   4.10998   4.19886   4.11673   3.89257   3.59193   3.27474    2.9762   2.70894   2.46737    2.2027     1.568   2.12014   2.09804   1.98472   1.61331   2.03015   2.22453   2.40242   2.59514   2.81079    3.0557   3.33982   3.67834   4.08279   4.52719    4.9029   5.04823   4.88703   4.50098    4.0345    3.5881    3.2007   2.87555   2.60051   2.34071   1.87464   2.37762   2.15871   2.10949   1.82182   2.14934   2.34947   2.55342   2.78193    3.0419   3.33982    3.6881   4.11499    4.6709    5.3779   6.06339   6.32434   5.96819   5.25698   4.52172   3.90433   3.41662   3.03221   2.72342   2.46332   2.14788   2.52232   2.15468   2.18686   1.99961   2.26081    2.4742   2.71075   2.98503    3.3051   3.67834   4.11499   4.64466   5.36959   6.49829   7.90569   8.44217   7.52123   6.13249         5   4.19232    3.6106   3.17388   2.83431   2.56907   2.37378   2.55484   2.11091   2.22917   2.14008   2.35949   2.59174   2.86572    3.1954   3.59566   4.08279    4.6709   5.36959   6.24718   7.85373   11.1803   12.5367   9.62092   6.93375   5.37909   4.42888   3.77992   3.30163   2.93418   2.65835   2.54333   2.50507   2.06059   2.25245   2.23792   2.43871    2.6916   3.00271   3.39071   3.88461   4.52719    5.3779   6.49829   7.85373   9.36602   17.6777   22.3607   11.1803   7.31821   5.65343   4.64283   3.94115   3.42205   3.02513   2.73234   2.65467   2.42736   2.03613    2.2711   2.28921   2.49118   2.76129   3.10094   3.53554   4.10998    4.9029   6.06339   7.90569   11.1803   17.6777   14.6447   60.3553   11.1803   7.90569   6.06339   4.90292   4.11006   3.53612   3.10499   2.79044   2.71232   2.38414   2.05642   2.29141   2.29086   2.51057   2.78982   3.14104   3.59375   4.19886   5.04823   6.32434   8.44217   12.5367   22.3607   60.3553   35.3553   15.8634    9.2621   6.59987   5.16387   4.25538   3.62494   3.16276   2.82779   2.72096   2.41776   2.11452   2.30642   2.24031   2.49329   2.77162   3.11351   3.54793   4.11673   4.88703   5.96819   7.52123   9.62092   11.1803   11.1803   15.8634   12.9947    9.0854   6.67637   5.23311   4.30094   3.65393   3.18094   2.83443   2.67424   2.51387   2.18029   2.29865   2.13684   2.43963   2.70863   3.02313   3.40948   3.89257   4.50098   5.25698   6.13249   6.93375   7.31821   7.90569    9.2621    9.0854   7.62033   6.14199   5.01495   4.19801   3.59805   3.14557   2.80016   2.55885   2.60887   2.21606   2.24854   1.98327   2.35373   2.60927   2.88591   3.20989   3.59193    4.0345   4.52172         5   5.37909   5.65343   6.06339   6.59987   6.67637   6.14199   5.35533     4.599   3.96658   3.45987   3.05486   2.72103   2.36956   2.63459    2.1895   2.14113   1.78599   2.24204   2.48495   2.72165   2.98359   3.27474    3.5881   3.90433   4.19232   4.42888   4.64283   4.90292   5.16387   5.23311   5.01495     4.599   4.12046   3.66455   3.26368   2.91881   2.60051   2.11312   2.54527   2.07936   1.96849   1.55294    2.1106   2.34598   2.54704   2.75594    2.9762    3.2007   3.41662    3.6106   3.77992   3.94115   4.11006   4.25538   4.30094   4.19801   3.96658   3.66455   3.34492   3.03866   2.75252   2.44646   1.80467    2.3268    1.8719   1.72518   1.28794   1.95984   2.19643   2.37059   2.53921   2.70894   2.87555   3.03221   3.17388   3.30163   3.42205   3.53612   3.62494   3.65393   3.59805   3.45987   3.26368   3.03866   2.80591   2.56773   2.26475   1.45939    1.9902   1.53666   1.38555  0.970934   1.76605   2.01872   2.18136   2.32723   2.46737   2.60051   2.72342   2.83431   2.93418   3.02513   3.10499   3.16276   3.18094   3.14557   3.05486   2.91881   2.75252   2.56773   2.35868   2.04292   1.07409   1.54506  0.931198    0.8105  0.471344   1.39513   1.69817   1.88833   2.05181    2.2027   2.34071   2.46332   2.56907   2.65835   2.73234   2.79044   2.82779   2.83443   2.80016   2.72103   2.60051   2.44646   2.26475   2.04292   1.67956   0.55801  0.917581 -0.646097  -0.70349 -0.895454  0.121297  0.562617   0.91003   1.24291     1.568   1.87464   2.14788   2.37378   2.54333   2.65467   2.71232   2.72096   2.67424   2.55885   2.36956   2.11312   1.80467   1.45939   1.07409   0.55801 -0.660772 -0.448662 -0.673712 -0.660275 -0.709324  0.373053  0.918034    1.3659   1.77242   2.12014   2.37762   2.52232   2.55484   2.50507   2.42736   2.38414   2.41776   2.51387   2.60887   2.63459   2.54527    2.3268    1.9902   1.54506  0.917581 -0.448662 -0.400861